block,0,0,4DFFF362,0,1,19,4294967295,0,0
block,32,544,98F72D5F,0,23,2,4294967295,0,0
block,32,0,70216346,0,24,1,4294967295,0,0
block,768,32,F91E4C2C,0,1,18,4294967295,0,0
playerStart,384,512,89AE21E8,0,1,1,4294967295,0,0
warp,96,512,D2F318B8,0,1,1,4294967295,0,1
controlButton,160,160,8D1DDAD6,0,1,1,4294967295,0,1
controlButton,320,160,527F5503,0,1,1,4294967295,0,1
controlButton,480,160,D8722C62,0,1,1,4294967295,0,1
controlButton,640,160,80F65EB6,0,1,1,4294967295,0,1
controlButton,320,256,FE16F4BE,0,1,1,4294967295,0,1
controlButton,480,256,5807BCF6,0,1,1,4294967295,0,1
