block,0,544,093C4FC7,0,25,2,4294967295,0,0
block,0,0,055B6A5A,0,25,1,4294967295,0,0
block,768,32,2A25A258,0,1,16,4294967295,0,0
block,0,32,5A50659C,0,1,16,4294967295,0,0
playerStart,288,512,29F084FA,0,1,1,4294967295,0,0
warpStart,64,448,63F7DBDC,0,1,1,4294967295,0,1
block,160,512,38F57CA3,0,1,1,4294967295,0,0
block,416,512,6CF59465,0,1,1,4294967295,0,0
block,512,480,A324E451,0,1,2,4294967295,0,0
block,608,448,5A9C29DF,0,1,3,4294967295,0,0
block,704,416,D61A0F89,0,1,4,4294967295,0,0
warpStart,160,480,28ADDE65,0,1,1,4294967295,0,1
warpStart,416,480,E61B9505,0,1,1,4294967295,0,1
warpStart,512,448,EBEA13AF,0,1,1,4294967295,0,1
warpStart,608,416,F6F4F0D4,0,1,1,4294967295,0,1
warpStart,704,384,FA662C82,0,1,1,4294967295,0,1
spikeUp,32,512,EADA69B1,0,1,1,4294967295,0,0
spikeUp,736,512,44787DE8,0,1,1,4294967295,0,0
block,64,480,93163545,0,1,2,4294967295,0,0
