kanban,128,480,E0DF8529,0,1,1,4294967295,0,1
kanban,352,416,FA016414,0,1,1,4294967295,0,1
kanban,544,416,B8B3CECB,0,1,1,4294967295,0,1
kanban,736,416,C8F16EC6,0,1,1,4294967295,0,1
kanban,928,416,AE845644,0,1,1,4294967295,0,1
kanban,1120,416,4497CDF9,0,1,1,4294967295,0,1
block,32,512,475222D7,0,74,3,4294967295,0,0
block,0,0,63EC0EEC,0,1,19,4294967295,0,0
block,32,0,86EFC581,0,74,3,4294967295,0,0
saveImpossible,192,480,C8C45965,0,1,1,4294967295,0,0
saveBlocker,288,480,4CE868B9,0,1,1,4294967295,0,0
saveBlocker,96,480,811AB5A4,0,1,1,4294967295,0,0
warp,32,480,619262FD,0,1,1,4294967295,0,1
playerStart,64,480,F7892DC0,0,1,1,4294967295,0,0
smoothCamera,32,448,EB977225,0,1,1,4294967295,0,1
musicPlayer,64,448,CA887D4E,0,1,1,4294967295,0,1
block,320,448,22B13E60,0,49,1,4294967295,0,0
triggerField,384,416,2E1BD56D,0,1,1,4294967295,0,1
modifierMove,384,320,0A25FD40,0,1,1,4294967295,0,1
spikeUp,416,416,80E29EB1,0,1,1,4294967295,0,0
cherry,480,416,9D3A2FEF,0,1,1,4294967295,0,0
modifierMove,384,352,7D7A9E75,0,1,1,4294967295,0,1
triggerField,576,416,D99E282A,0,1,1,4294967295,0,1
spikeUp,608,416,182E774D,0,1,1,4294967295,0,0
cherry,672,416,BE151843,0,1,1,4294967295,0,0
modifierSpeed,576,320,89BD97A0,0,1,1,4294967295,0,1
modifierSpeed,576,352,13633812,0,1,1,4294967295,0,1
modifierScale,768,320,32439916,0,1,1,4294967295,0,1
modifierScale,768,352,63D6B474,0,1,1,4294967295,0,1
triggerField,768,416,01FD4624,0,1,1,4294967295,0,1
spikeUp,800,416,E86FA25B,0,1,1,4294967295,0,0
cherry,864,416,700728BA,0,1,1,4294967295,0,0
triggerField,960,416,578D4792,0,1,1,4294967295,0,1
spikeUp,992,416,7E2643A7,0,1,1,4294967295,0,0
cherry,1056,416,FDA24819,0,1,1,4294967295,0,0
spikeDown,352,480,6C5C6FD3,0,1,1,4294967295,0,0
modifierRotate,960,320,07F5C124,0,1,1,4294967295,0,1
modifierRotate,960,352,6724EB77,0,1,1,4294967295,0,1
modifierSound,1152,352,953FBA4F,0,1,1,4294967295,0,1
triggerField,1152,416,A59D0C32,0,1,1,4294967295,0,1
triggerField,1184,416,A99BDD11,0,1,1,4294967295,0,1
triggerField,1216,416,F523E82E,0,1,1,4294967295,0,1
modifierSound,1184,352,ADC30741,0,1,1,4294967295,0,1
modifierSound,1216,352,20ABB980,0,1,1,4294967295,0,1
