tilePipes,96,224,96,0,32,32,0,1,1,4294967295
tilePipes,96,256,96,0,32,32,0,1,1,4294967295
tilePipes,96,320,96,0,32,32,0,1,1,4294967295
tilePipes,96,352,96,0,32,32,0,1,1,4294967295
tilePipes,96,384,96,0,32,32,0,1,1,4294967295
tilePipes,256,384,96,0,32,32,0,1,1,4294967295
tilePipes,256,352,96,0,32,32,0,1,1,4294967295
tilePipes,256,320,96,0,32,32,0,1,1,4294967295
tilePipes,256,256,96,0,32,32,0,1,1,4294967295
tilePipes,256,224,96,0,32,32,0,1,1,4294967295
tilePipes,96,192,96,0,32,32,0,1,1,4294967295
tilePipes,256,192,96,0,32,32,0,1,1,4294967295
tilePipes,96,160,96,0,32,32,0,1,1,4294967295
tilePipes,256,160,96,0,32,32,0,1,1,4294967295
tilePipes,96,288,96,32,32,32,0,1,1,4294967295
tilePipes,256,288,96,32,32,32,0,1,1,4294967295
tilePipes,96,128,96,32,32,32,0,1,1,4294967295
tilePipes,256,128,96,32,32,32,0,1,1,4294967295
tilePipes,256,416,96,32,32,32,0,1,1,4294967295
tilePipes,96,416,96,32,32,32,0,1,1,4294967295
tilePipes,128,288,64,32,32,32,0,1,1,4294967295
tilePipes,160,288,64,32,32,32,0,1,1,4294967295
tilePipes,192,288,64,32,32,32,0,1,1,4294967295
tilePipes,224,288,64,32,32,32,0,1,1,4294967295
tilePipes,320,416,32,96,32,32,0,1,1,4294967295
tilePipes,320,384,32,64,32,32,0,1,1,4294967295
tilePipes,320,352,32,64,32,32,0,1,1,4294967295
tilePipes,320,320,32,64,32,32,0,1,1,4294967295
tilePipes,320,288,32,64,32,32,0,1,1,4294967295
tilePipes,320,256,32,64,32,32,0,1,1,4294967295
tilePipes,320,224,32,64,32,32,0,1,1,4294967295
tilePipes,320,192,32,64,32,32,0,1,1,4294967295
tilePipes,320,160,32,64,32,32,0,1,1,4294967295
tilePipes,320,128,32,96,32,32,0,1,1,4294967295
tilePipes,480,416,32,96,32,32,0,1,1,4294967295
tilePipes,480,384,32,96,32,32,0,1,1,4294967295
tilePipes,448,352,32,96,32,32,0,1,1,4294967295
tilePipes,416,320,32,96,32,32,0,1,1,4294967295
tilePipes,384,288,32,96,32,32,0,1,1,4294967295
tilePipes,352,256,32,96,32,32,0,1,1,4294967295
tilePipes,384,224,32,96,32,32,0,1,1,4294967295
tilePipes,416,192,32,96,32,32,0,1,1,4294967295
tilePipes,448,160,32,96,32,32,0,1,1,4294967295
tilePipes,480,128,32,96,32,32,0,1,1,4294967295
tilePipes,544,224,96,0,32,32,0,1,1,4294967295
tilePipes,544,256,96,0,32,32,0,1,1,4294967295
tilePipes,544,320,96,0,32,32,0,1,1,4294967295
tilePipes,544,352,96,0,32,32,0,1,1,4294967295
tilePipes,544,384,96,0,32,32,0,1,1,4294967295
tilePipes,704,384,96,0,32,32,0,1,1,4294967295
tilePipes,704,352,96,0,32,32,0,1,1,4294967295
tilePipes,704,320,96,0,32,32,0,1,1,4294967295
tilePipes,704,256,96,0,32,32,0,1,1,4294967295
tilePipes,704,224,96,0,32,32,0,1,1,4294967295
tilePipes,544,192,96,0,32,32,0,1,1,4294967295
tilePipes,704,192,96,0,32,32,0,1,1,4294967295
tilePipes,544,160,96,0,32,32,0,1,1,4294967295
tilePipes,704,160,96,0,32,32,0,1,1,4294967295
tilePipes,544,288,96,32,32,32,0,1,1,4294967295
tilePipes,704,288,96,32,32,32,0,1,1,4294967295
tilePipes,544,128,96,32,32,32,0,1,1,4294967295
tilePipes,704,128,96,32,32,32,0,1,1,4294967295
tilePipes,704,416,96,32,32,32,0,1,1,4294967295
tilePipes,544,416,96,32,32,32,0,1,1,4294967295
tilePipes,576,288,64,32,32,32,0,1,1,4294967295
tilePipes,608,288,64,32,32,32,0,1,1,4294967295
tilePipes,640,288,64,32,32,32,0,1,1,4294967295
tilePipes,672,288,64,32,32,32,0,1,1,4294967295
