block,0,0,A156CE98,0,1,19,4294967295,0,0
block,32,480,76C48878,0,48,4,4294967295,0,0
block,32,0,CE91BA17,0,48,2,4294967295,0,0
block,1568,0,971585BE,0,1,19,4294967295,0,0
playerStart,64,448,E0C346E8,0,1,1,4294967295,0,0
camera,64,416,B9C5CF01,0,1,1,4294967295,0,0
musicPlayer,96,416,438ECED6,0,1,1,4294967295,0,1
saveBlocker,160,416,02C828E2,0,1,1,4294967295,0,0
saveBlocker,320,416,3433303D,0,1,1,4294967295,0,0
saveImpossible,192,416,E1364AF4,0,1,1,4294967295,0,0
saveVeryHard,224,416,AACD3E53,0,1,1,4294967295,0,0
saveHard,256,416,A376BB89,0,1,1,4294967295,0,0
saveMedium,288,416,632CF08F,0,1,1,4294967295,0,0
block,384,192,4EBD8356,0,1,4,4294967295,0,0
block,480,288,D83BBAEB,0,1,4,4294967295,0,0
block,576,224,DE7C7A5A,0,14,2,4294967295,0,0
saveBlocker,320,64,E3ED79F3,0,1,1,4294967295,0,0
saveBlocker,480,64,D2753A19,0,1,1,4294967295,0,0
saveImpossible,352,64,8113CD6C,0,1,1,4294967295,0,1
saveVeryHard,384,64,5A44F55E,0,1,1,4294967295,0,1
saveHard,416,64,CC090F64,0,1,1,4294967295,0,1
saveMedium,448,64,9BB51E3D,0,1,1,4294967295,0,1
movingPlatform,160,384,8FFCDFC2,0,1,1,4294967295,0,1
movingPlatform,160,320,2D199F53,0,1,1,4294967295,0,1
block,352,384,EF97B81A,0,1,1,4294967295,0,0
spikeUp,576,448,76697C48,0,1,1,4294967295,0,0
spikeUp,608,448,76AF3544,0,1,1,4294967295,0,0
spikeUp,640,448,ECAA1880,0,1,1,4294967295,0,0
spikeUp,672,448,BF7739D5,0,1,1,4294967295,0,0
spikeUp,704,448,94190B43,0,1,1,4294967295,0,0
spikeUp,736,448,36668594,0,1,1,4294967295,0,0
spikeUp,768,448,8AE4E8EE,0,1,1,4294967295,0,0
spikeUp,800,448,61238D0C,0,1,1,4294967295,0,0
spikeUp,832,448,B6C833AA,0,1,1,4294967295,0,0
spikeUp,864,448,0F6A3C7A,0,1,1,4294967295,0,0
spikeUp,896,448,FE6B1F7B,0,1,1,4294967295,0,0
spikeUp,928,448,6BEDA384,0,1,1,4294967295,0,0
spikeUp,960,448,2839A966,0,1,1,4294967295,0,0
spikeUp,992,448,DF4A1295,0,1,1,4294967295,0,0
vineRight,480,288,EB94B03E,0,1,1,4294967295,0,0
vineRight,480,320,7056D648,0,1,1,4294967295,0,0
vineRight,480,352,564FC116,0,1,1,4294967295,0,0
vineRight,480,384,AFC13BAD,0,1,1,4294967295,0,0
gravityDown,576,192,C8BA50FD,0,1,1,4294967295,0,0
gravityDown,992,192,850B8198,0,1,1,4294967295,0,0
gravityUp,576,288,491BBB52,0,1,1,4294967295,0,0
gravityUp,992,288,4A718AB1,0,1,1,4294967295,0,0
gravityUp,768,192,C5C56D8E,0,1,1,4294967295,0,0
gravityUp,800,192,99AD264B,0,1,1,4294967295,0,0
gravityDown,768,288,D83BE426,0,1,1,4294967295,0,0
gravityDown,800,288,8C49C7A4,0,1,1,4294967295,0,0
jumpRefresher,672,384,6446EADC,0,1,1,4294967295,0,0
jumpRefresher,928,384,58646684,0,1,1,4294967295,0,0
jumpRefresher,672,128,E8DDF783,0,1,1,4294967295,0,0
jumpRefresher,928,128,5207AB6E,0,1,1,4294967295,0,0
jumpRefresher,1120,224,61401A90,0,1,1,4294967295,0,0
jumpRefresher,1184,224,4474A158,0,1,1,4294967295,0,0
jumpRefresher,1248,224,8FF66D8D,0,1,1,4294967295,0,0
jumpRefresher,1312,224,95C2A5F8,0,1,1,4294967295,0,0
jumpRefresher,1120,288,15882EE9,0,1,1,4294967295,0,0
jumpRefresher,1184,288,C59F14DF,0,1,1,4294967295,0,1
jumpRefresher,1248,288,6F7DC74D,0,1,1,4294967295,0,1
jumpRefresher,1312,288,4132E2AE,0,1,1,4294967295,0,0
jumpRefresher,1120,352,B369E659,0,1,1,4294967295,0,0
jumpRefresher,1184,352,C657C6A4,0,1,1,4294967295,0,0
jumpRefresher,1248,352,EC65360E,0,1,1,4294967295,0,0
jumpRefresher,1312,352,EFF52954,0,1,1,4294967295,0,0
cherry,1216,128,52666DAB,0,1,1,4294967295,0,0
kanban,128,448,0948F725,0,1,1,4294967295,0,1
kanban,1408,448,34C252C5,0,1,1,4294967295,0,1
movingPlatform,1376,352,8233AE46,0,1,1,4294967295,0,1
movingPlatform,1440,352,4953B291,0,1,1,4294967295,0,1
warp,1504,448,55D920D0,0,1,1,4294967295,0,1
vineLeft,384,192,0F15E4DF,0,1,1,4294967295,0,0
vineLeft,384,224,128B662C,0,1,1,4294967295,0,0
vineLeft,384,256,7588CB42,0,1,1,4294967295,0,0
vineLeft,384,288,D117E9A3,0,1,1,4294967295,0,0
water1,1344,128,D6CB6C71,0,2,4,4294967295,0,0
water2,1408,128,BD5FBF49,0,2,4,4294967295,0,0
water3,1472,128,AE051E4F,0,2,4,4294967295,0,0
